Vertex Count: 180

Data:

0 -0 -0.141187 0.5 0.5 0 0 -1
0.809018 0.587786 -0.141187 0.904509 0.206107 0 0 -1
0.951057 0.309017 -0.141187 0.975528 0.345492 0 0 -1
0 -0 -0.141187 0.5 0.5 0 0 -1
0.587786 0.809017 -0.141187 0.793893 0.095491 0 0 -1
0.809018 0.587786 -0.141187 0.904509 0.206107 0 0 -1
0 -0 -0.141187 0.5 0.5 0 0 -1
0.309017 0.951057 -0.141187 0.654508 0.024472 0 0 -1
0.587786 0.809017 -0.141187 0.793893 0.095491 0 0 -1
0 -0 -0.141187 0.5 0.5 0 0 -1
0 1 -0.141187 0.5 0 0 0 -1
0.309017 0.951057 -0.141187 0.654508 0.024472 0 0 -1
0 -0 -0.141187 0.5 0.5 0 0 -1
-0.309017 0.951057 -0.141187 0.345491 0.024472 -0 0 -1
0 1 -0.141187 0.5 0 0 0 -1
0 -0 -0.141187 0.5 0.5 0 0 -1
-0.587785 0.809017 -0.141187 0.206107 0.095492 0 0 -1
-0.309017 0.951057 -0.141187 0.345491 0.024472 -0 0 -1
0 -0 -0.141187 0.5 0.5 0 0 -1
-0.809017 0.587785 -0.141187 0.095491 0.206107 0 0 -1
-0.587785 0.809017 -0.141187 0.206107 0.095492 0 0 -1
0 -0 -0.141187 0.5 0.5 0 0 -1
-0.951057 0.309017 -0.141187 0.024472 0.345492 0 0 -1
-0.809017 0.587785 -0.141187 0.095491 0.206107 0 0 -1
0 -0 -0.141187 0.5 0.5 0 0 -1
-1 -0 -0.141187 0 0.5 0 0 -1
-0.951057 0.309017 -0.141187 0.024472 0.345492 0 0 -1
0 -0 -0.141187 0.5 0.5 0 0 -1
-0.951057 -0.309017 -0.141187 0.024472 0.654509 0 0 -1
-1 -0 -0.141187 0 0.5 0 0 -1
0 -0 -0.141187 0.5 0.5 0 0 -1
-0.809017 -0.587785 -0.141187 0.095492 0.793893 0 0 -1
-0.951057 -0.309017 -0.141187 0.024472 0.654509 0 0 -1
0 -0 -0.141187 0.5 0.5 0 0 -1
-0.587785 -0.809017 -0.141187 0.206107 0.904509 0 0 -1
-0.809017 -0.587785 -0.141187 0.095492 0.793893 0 0 -1
0 -0 -0.141187 0.5 0.5 0 0 -1
-0.309017 -0.951057 -0.141187 0.345492 0.975528 0 0 -1
-0.587785 -0.809017 -0.141187 0.206107 0.904509 0 0 -1
0 -0 -0.141187 0.5 0.5 0 0 -1
-0 -1 -0.141187 0.5 1 0 0 -1
-0.309017 -0.951057 -0.141187 0.345492 0.975528 0 0 -1
0 -0 -0.141187 0.5 0.5 0 0 -1
0.309017 -0.951057 -0.141187 0.654508 0.975528 0 0 -1
-0 -1 -0.141187 0.5 1 0 0 -1
0 -0 -0.141187 0.5 0.5 0 0 -1
0.587785 -0.809017 -0.141187 0.793893 0.904508 0 0 -1
0.309017 -0.951057 -0.141187 0.654508 0.975528 0 0 -1
0 -0 -0.141187 0.5 0.5 0 0 -1
0.809017 -0.587785 -0.141187 0.904508 0.793893 0 0 -1
0.587785 -0.809017 -0.141187 0.793893 0.904508 0 0 -1
0 -0 -0.141187 0.5 0.5 0 0 -1
0.951057 -0.309017 -0.141187 0.975528 0.654509 0 0 -1
0.809017 -0.587785 -0.141187 0.904508 0.793893 0 0 -1
0 -0 -0.141187 0.5 0.5 0 0 -1
1 -0 -0.141187 1 0.5 0 0 -1
0.951057 -0.309017 -0.141187 0.975528 0.654509 0 0 -1
0 -0 -0.141187 0.5 0.5 0 0 -1
0.951057 0.309017 -0.141187 0.975528 0.345492 0 0 -1
1 -0 -0.141187 1 0.5 0 0 -1
0.809018 0.587786 -0.141187 0.034015 0.013637 0.809017 0.587785 -0
0.809018 0.587786 0.141187 0.034015 0.074054 0.809017 0.587785 -0
0.951057 0.309017 0.141187 0.024564 0.074054 0.951057 0.309016 -0
0.587786 0.809017 -0.141187 0.043466 0.013637 0.587785 0.809017 -0
0.587786 0.809017 0.141187 0.043466 0.074054 0.587785 0.809017 -0
0.809018 0.587786 0.141187 0.034015 0.074054 0.809017 0.587785 -0
0.309017 0.951057 -0.141187 0.052917 0.013637 0.309017 0.951057 -0
0.309017 0.951057 0.141187 0.052917 0.074054 0.309017 0.951057 -0
0.587786 0.809017 0.141187 0.043466 0.074054 0.587785 0.809017 -0
0 1 -0.141187 0.062369 0.013637 -0 1 -0
0 1 0.141187 0.062369 0.074054 -0 1 -0
0.309017 0.951057 0.141187 0.052917 0.074054 0.309017 0.951057 -0
-0.309017 0.951057 0.141187 0.07182 0.074054 -0.309017 0.951057 -0
0 1 0.141187 0.062369 0.074054 -0 1 -0
0 1 -0.141187 0.062369 0.013637 -0 1 -0
-0.587785 0.809017 -0.141187 0.081271 0.013637 -0.587785 0.809017 -0
-0.587785 0.809017 0.141187 0.081271 0.074054 -0.587785 0.809017 -0
-0.309017 0.951057 0.141187 0.07182 0.074054 -0.309017 0.951057 -0
-0.809017 0.587785 -0.141187 0.090722 0.013637 -0.809017 0.587785 -0
-0.809017 0.587785 0.141187 0.090722 0.074054 -0.809017 0.587785 -0
-0.587785 0.809017 0.141187 0.081271 0.074054 -0.587785 0.809017 -0
-0.951057 0.309017 -0.141187 0.100174 0.013637 -0.951057 0.309017 -0
-0.951057 0.309017 0.141187 0.100174 0.074054 -0.951057 0.309017 -0
-0.809017 0.587785 0.141187 0.090722 0.074054 -0.809017 0.587785 -0
-1 -0 -0.141187 0.109625 0.013637 -1 0 -0
-1 0 0.141187 0.109625 0.074054 -1 0 -0
-0.951057 0.309017 0.141187 0.100174 0.074054 -0.951057 0.309017 -0
-0.951057 -0.309017 -0.141187 0.119076 0.013637 -0.951057 -0.309017 -0
-0.951057 -0.309017 0.141187 0.119076 0.074054 -0.951057 -0.309017 -0
-1 0 0.141187 0.109625 0.074054 -1 0 -0
-0.809017 -0.587785 -0.141187 0.128527 0.013637 -0.809017 -0.587785 -0
-0.809017 -0.587785 0.141187 0.128527 0.074054 -0.809017 -0.587785 -0
-0.951057 -0.309017 0.141187 0.119076 0.074054 -0.951057 -0.309017 -0
-0.587785 -0.809017 -0.141187 0.137979 0.013637 -0.587785 -0.809017 -0
-0.587785 -0.809017 0.141187 0.137979 0.074054 -0.587785 -0.809017 -0
-0.809017 -0.587785 0.141187 0.128527 0.074054 -0.809017 -0.587785 -0
-0.309017 -0.951057 -0.141187 0.14743 0.013637 -0.309017 -0.951057 -0
-0.309017 -0.951057 0.141187 0.14743 0.074054 -0.309017 -0.951057 -0
-0.587785 -0.809017 0.141187 0.137979 0.074054 -0.587785 -0.809017 -0
-0 -1 -0.141187 0.156881 0.013637 0 -1 -0
-0 -1 0.141187 0.156881 0.074054 0 -1 -0
-0.309017 -0.951057 0.141187 0.14743 0.074054 -0.309017 -0.951057 -0
0.309017 -0.951057 -0.141187 0.166332 0.013637 0.309017 -0.951057 -0
0.309017 -0.951057 0.141187 0.166332 0.074054 0.309017 -0.951057 -0
-0 -1 0.141187 0.156881 0.074054 0 -1 -0
0.587785 -0.809017 -0.141187 0.175784 0.013637 0.587785 -0.809017 -0
0.587785 -0.809017 0.141187 0.175784 0.074054 0.587785 -0.809017 -0
0.309017 -0.951057 0.141187 0.166332 0.074054 0.309017 -0.951057 -0
0.809017 -0.587785 -0.141187 0.185235 0.013637 0.809017 -0.587785 -0
0.809017 -0.587785 0.141187 0.185235 0.074054 0.809017 -0.587785 -0
0.587785 -0.809017 0.141187 0.175784 0.074054 0.587785 -0.809017 -0
0.951057 -0.309017 -0.141187 0.194686 0.013637 0.951057 -0.309017 -0
0.951057 -0.309017 0.141187 0.194686 0.074054 0.951057 -0.309017 -0
0.809017 -0.587785 0.141187 0.185235 0.074054 0.809017 -0.587785 -0
1 -0 -0.141187 0.204137 0.013637 1 -1e-006 -0
1 0 0.141187 0.204137 0.074054 1 -1e-006 -0
0.951057 -0.309017 0.141187 0.194686 0.074054 0.951057 -0.309017 -0
0.951057 0.309017 -0.141187 0.213589 0.013637 0.951057 0.309016 -0
0.951057 0.309017 0.141187 0.213589 0.074054 0.951057 0.309016 -0
1 0 0.141187 0.204137 0.074054 1 -1e-006 -0
0.809018 0.587786 0.141187 0.904509 0.206107 0 0 1
0 0 0.141187 0.5 0.5 0 0 1
0.951057 0.309017 0.141187 0.975528 0.345492 0 0 1
0.587786 0.809017 0.141187 0.793893 0.095491 0 0 1
0 0 0.141187 0.5 0.5 0 0 1
0.809018 0.587786 0.141187 0.904509 0.206107 0 0 1
0.309017 0.951057 0.141187 0.654508 0.024472 0 0 1
0 0 0.141187 0.5 0.5 0 0 1
0.587786 0.809017 0.141187 0.793893 0.095491 0 0 1
0 1 0.141187 0.5 0 -0 0 1
0 0 0.141187 0.5 0.5 0 0 1
0.309017 0.951057 0.141187 0.654508 0.024472 0 0 1
-0.309017 0.951057 0.141187 0.345491 0.024472 -0 0 1
0 0 0.141187 0.5 0.5 0 0 1
0 1 0.141187 0.5 0 -0 0 1
-0.587785 0.809017 0.141187 0.206107 0.095492 0 0 1
0 0 0.141187 0.5 0.5 0 0 1
-0.309017 0.951057 0.141187 0.345491 0.024472 -0 0 1
-0.809017 0.587785 0.141187 0.095491 0.206107 0 0 1
0 0 0.141187 0.5 0.5 0 0 1
-0.587785 0.809017 0.141187 0.206107 0.095492 0 0 1
-0.951057 0.309017 0.141187 0.024472 0.345492 0 0 1
0 0 0.141187 0.5 0.5 0 0 1
-0.809017 0.587785 0.141187 0.095491 0.206107 0 0 1
-1 0 0.141187 0 0.5 0 0 1
0 0 0.141187 0.5 0.5 0 0 1
-0.951057 0.309017 0.141187 0.024472 0.345492 0 0 1
-0.951057 -0.309017 0.141187 0.024472 0.654509 0 0 1
0 0 0.141187 0.5 0.5 0 0 1
-1 0 0.141187 0 0.5 0 0 1
-0.809017 -0.587785 0.141187 0.095492 0.793893 0 0 1
0 0 0.141187 0.5 0.5 0 0 1
-0.951057 -0.309017 0.141187 0.024472 0.654509 0 0 1
-0.587785 -0.809017 0.141187 0.206107 0.904509 -0 0 1
0 0 0.141187 0.5 0.5 0 0 1
-0.809017 -0.587785 0.141187 0.095492 0.793893 0 0 1
-0.309017 -0.951057 0.141187 0.345492 0.975528 0 0 1
0 0 0.141187 0.5 0.5 0 0 1
-0.587785 -0.809017 0.141187 0.206107 0.904509 -0 0 1
-0 -1 0.141187 0.5 1 0 0 1
0 0 0.141187 0.5 0.5 0 0 1
-0.309017 -0.951057 0.141187 0.345492 0.975528 0 0 1
0.309017 -0.951057 0.141187 0.654508 0.975528 -0 0 1
0 0 0.141187 0.5 0.5 0 0 1
-0 -1 0.141187 0.5 1 0 0 1
0.587785 -0.809017 0.141187 0.793893 0.904508 -0 0 1
0 0 0.141187 0.5 0.5 0 0 1
0.309017 -0.951057 0.141187 0.654508 0.975528 -0 0 1
0.809017 -0.587785 0.141187 0.904508 0.793893 0 0 1
0 0 0.141187 0.5 0.5 0 0 1
0.587785 -0.809017 0.141187 0.793893 0.904508 -0 0 1
0.951057 -0.309017 0.141187 0.975528 0.654509 0 0 1
0 0 0.141187 0.5 0.5 0 0 1
0.809017 -0.587785 0.141187 0.904508 0.793893 0 0 1
1 0 0.141187 1 0.5 0 0 1
0 0 0.141187 0.5 0.5 0 0 1
0.951057 -0.309017 0.141187 0.975528 0.654509 0 0 1
0.951057 0.309017 0.141187 0.975528 0.345492 0 0 1
0 0 0.141187 0.5 0.5 0 0 1
1 0 0.141187 1 0.5 0 0 1
